126971558
217267417
183552455
217860909
159839525
183293473
212239380
186319114
108890618
194755483
159849625
170633129
194778620
257011355
263268072
212472370
245980813
114139878
159831960
183792936
405182918
193327690
401869276
183632839
265658405
159505200
263308848
263031252
257027260
159444687
314604589
193977224
218368670
217275998
183623991
405760705
183436053
186701935
213154471
257011353
183443241
105108991
159269005
217387803
200390556
400603499
401182579
402970482
194264606
263297024
127738504
102386744
105734723
267132547
194171397
193947987
217333137
186362211
227877943
127135681
128421864
159380338
263208895
170555842
257264821
217315227
257268544
257060231
183326856
102374965
159845528
217006047
127419954
245052329
218375520
245047828
257274038
114157066
109408141
108383402
186295931
275004320
127788344
126850191
411029642
267619741
117118483
102366090
402682291
102387714
108806318
200591298
257137512
186341109
108755265
102359279
159825420
183852843
105054164
275490404
127360808
217444903
401847459
217736933
275093631
263275505
000000000
108102721
127321061
104817230
183282417
275729760
183499018
159384063
102371314
186790716
265544164
109208607
104748153
411692371
159831889
159490305
183828306
183449168
275150221
200942633
218233883
212786247
257088194
126970194
183808482
401674197
127170538
159357927
109508256
245905608
267319529
104924037
401489276
183796787
102375150
183280699
218033358
411651818
401547326
159302564
114170062
105892176
257098058
102368365
263281838
183454953
212274106
108354490
402966390
109383296
411638439
183650481
217784369
170790086
267624243
159540921
159867991
200406295
159676187
183230219
217039269
402301283
275013997
263098234
218156259
263292303
183705236
159584531
200406305
201732992
193971953
401587274
265373545
401275866
263266450
105411553
107814299
127790535
109434876
127276015
200834352
108671058
275177149
265663355
108509925
159212301
183484316
108550368
257287001
128463787
200805247
263026204
265560033
104963097
105050175
170381593
265503056
263045097
201077190
257239336
257083987
114175722
194370726
183451461
267152493
186908510
186640857
159709265
401847749
102368901
275802909
159841542
245110686
186167483
411249704
183806460
185925891
114139172
263005984
126809477
227986300
194092287
114129969
400615766
183449205
127693730
267303514
102369434
183822955
114133695
245230608
102369500
183804197
212834402
402849910
246007506
183650553
114126260
193923616
212780395
194079218
183449156
257066276
200217162
186784201
186809633
109005732
193730702
159711389
186254702
257011777
102369050
163058652
267507149
159854923
109402434
411389713
275199288
213235618
57074436
263014413
183793351
411412160
265659163
200865135
14685562
114136024
401123630
257126096
108630587
104901098
194490060
109336151
186822533
114186138
185947257
217352363
186722995
201135859
401415124
257029722
159482878
104446743
257011513
159364171
217396416
212951444
49435672
186645617
265048359
159259786
275728300
159868865
405323973
217168944
217740221
159840495
265126624
246001888
213116032
193438339
246004264
263025571
105063926
405096632
217184589
400228007
102386226
275816906
186808610
159857236
257030162
186478786
200340088
183739776
183774779
186128193
186851452
127222965
263270617
159769404
246007476
104775717
159223320
193802564
109346357
314257946
275737917
102365171
183454956
127797996
194562177
183853399
127719464
263048321
108356285
102372872
102381521
104248982
405806760
104876368
275149168
183792559
66236262
159714973
217883228
159504980
186261220
127583515
257044265
183699071
170791270
217018292
186532091
263307030
257025067
186692038
217667837
159599519
186748810
275510852
212065506
109086860
401404583
183658179
201030185
183448251
201159736
108471830
437039543
183793658
267485873
126783226
159279246
217113159
193562944
102394303
183464151
193871360
127915641
263291559
159526843
159302914
127785671
170909142
263308877
108521124
400369651
212830470
267037346
405421278
102381074
102389728
183465792
402917838
114121662
183426759
267044594
159824355
405782000
114143734
411624696
183800103
193557138
183795908
275444518
186578115
108525826
212582374
405145958
183832650
127789268
159825125
104828492
267574911
105395678
104712799
159650680
193723979
159491844
245600164
263261487
109476636
114133677
257024638
402540566
257263817
257095592
425002216
159866818
193691123
128486200
400580983
314531834
108918232
193688935
127632300
186673742
404587334
263259709
159483213
108255150
159382307
257293498
265441632
108227534
126896989
217113713
263035341
217219509
108367890
104990513
127891648
159603928
401696105
400621029
213449555
159879263
213429160
126916492
257272072
108462522
263291071
105564849
275717963
405464079
405436132
105800501
263025789
183802886
401755146
105026568
201507347
109022980
263245235
128486317
110348615
217148504
183842871
127941969
217520964
108437670
108077243
159372268
411494008
186809116
193719337
200279641
201016873
245010507
183476919
257147106
186485731
87205513
183466048
245128255
159302639
257043118
257270168
114132101
102362426
267680464
401540209
159862274
401114787
104450150
159477848
104798360
183808802
127288665
159578275
200716514
109329216
108371105
405650664
183241704
102358932
183542037
405475539
194836134
159831251
400887798
217477437
275819218
183354318
193901291
217316495
263025848
114135347
105012378
275527390
257291447
405457243
263268818
411247188
183712616
402455943
201719835
114134488
404618822
217114017
159385131
183457976
170606853
102389170
263267993
170750367
183492368
114126571
105521429
183441889
183663154
159847535
183438157
186166921
212341957
217753251
245165947
405960916
127707467
127357473
257261981
257248008
218309493
105275747
105536102
212885531
127564700
159518205
400272560
263221880
109001504
212297565
183474341
217891469
104407354
404734459
257273855
314449757
102376812
170587830
127594886
275414499
183482015
212372748
170703927
245261327
105103756
275729500
257011751
267086257
263261257
102372593
114191373
193556304
159489221
183452559
267507590
401507452
217184961
114188679
200758825
114102103
159884025
159492501
263117571
114170540
193243588
186025083
263292406
107888337
105744505
159768660
108311100
217955713
183686998
102369903
217189326
194147782
108734709
183822645
110583439
170734495
102372267
411637020
183777596
405740794
275173263
102387432
411652984
217556944
104896984
275152600
257285831
159409344
108288614
217117893
127457155
257275396
102378460
105955455
257264489
212408765
200415014
104779076
107924013
183251813
263265228
212139501
267622646
170805585
109048557
257286238
127085934
127136090
127623559
263025825
257011805
263277995
200349690
186491780
127126059
114162119
267505415
404787510
193381270
105367044
105597420
126794453
405159311
212504314
159709257
126916447
267592367
193301380
212120577
212381343
275311953
405377589
263026209
114188529
159811813
51303407
114174294
170986677
257286719
183442468
217884848
114165760
194830114
212554150
128349084
128404582
102392348
105868454
105388888
275098882
200870703
159840928
405170402
186363259
159609782
212945325
127744835
183449189
114129594
263004860
212128853
186879641
104801356
257236679
402780433
183455043
401182937
102374707
128336121
114129751
159429230
275433220
213120087
257273882
257286738
263291469
267018636
265011597
245143078
127790417
194755165
183788035
212395754
405832958
314315098
212419166
159738102
212979341
127691972
159266059
405455436
108794019
201358829
159201671
257260251
257277367
159537999
257269954
117104786
257048577
263048693
183760752
117103575
263284365
193347373
270770657
127898527
183479552
200108546
170632316
186176463
193880901
4444444444
212477508
186558687
107974396
218366182
159827737
245446111
183449185
51294884
127795090
195744019
127698094
127409217
257261184
275819146
194681834
251489837
159685008
404838456
183805213
102374947
183465568
127021980
159302633
314821659
159845830
267035835
108043532
114132673
245945767
263030405
183635513
186016836
212667191
265668069
257279267
114132981
105965606
400124215
257089763
263131615
246002443
200055492
109492825
159625960
405867672
257296465
183758398
159615000
159811550
159266447
107809737
141109482
405504804
186877887
265391944
114127885
212822194
114151960
159826969
183819145
257188086
257296041
257263875
411245420
425009572
404948900
183298781
127275707
107960110
212792128
314775979
217078770
114134547
405917114
108055817
108812949
105595730
193828013
411605655
200860344
411643945
127721221
159355114
212920748
263104482
411658870
314256801
402041811
126752338
402894799
265206659
127044112
257262820
275633707
194808819
102394933
127173251
218214331
217741452
183778105
200858415
102372001
186473769
159636203
265578379
183579962
159752532
159882363
159712433
105246012
200499132
186662290
127414779
183791325
127379178
170404151
108460244
257298200
109245766
186819431
212428415
108234932
105938221
193715753
107863871
104267480
263283044
102395143
272379331
159829208
183536870
105576517
200276502
108588775
108384554
102395474
159827879
159479546
186710818
126999411
217648713
263283653
114162440
114134618
183802833
267396850
114156219
257024673
217667897
159853824
404614229
411580460
186296882
183465810
126965480
104425952
218368628
183449150
159880385
263285053
127396498
114126811
201102329
183777329
127360005
159217070
263268898
183799717
183808644
159841231
183281927
267109480
159838352
411135992
170519065
183832606
200277681
128128829
186627969
275287150
404484574
114188946
263279646
275636776
183463223
888888888
159505656
213205733
400700001
183825875
194307673
314405671
102344154
217188393
183826537
213447049
400331620
425007220
265157078
275333479
263017588
201723315
402053231
257209237
183586816
201153436
217473585
246008809
404795454
401097540
267470077
114163939
275664513
265012607
425009600
186587791
109230496
117120855
108874127
212908684
402956803
402675109
257147027
102376966
114126495
263272845
200572882
200035379
245936877
404873819
200754005
267113784
217415005
159418234
108904955
108493231
263269396
107857461
183449186
102371650
245999697
126819106
159863051
183837060
109027972
102385155
159728420
109507289
183344049
257249746
245017726
400641653
107966903
213148545
126779531
86340372
217266603
159834704
401967745
159717054
126956810
405250157
107864687
183474734
159683156
405876756
265567799
263281579
402715996
411258319
108203090
159488371
87202163
170884638
186854420
183823261
212446908
108926172
128337515
183792231
265017632
275699969
212252669
257175979
127046026
159847758
127664723
108430153
102371055
257149056
212966375
108820231
213431972
263090996
263267434
153007332
200542846
159850827
183795605
263268152
267198004
114127141
186598277
159860310
108835611
200556508
107857456
159341052
245943021
159712754
213427154
104934475
159282699
126743066
257164411
213433840
170750169
159869206
159547851
401939743
109190862
183702179
200539269
102371280
200863121
126999889
263287651
245985079
257248827
170453970
159828350
109488246
107823770
105757169
183711843
201222557
275206987
217249333
257286258
245945769
114127540
212935907
67037506
170804416
102377407
105832053
218304350
263271369
108364627
218334125
314325256
257274838
186329912
159822840
212481058
245962673
159623552
200406315
401085419
402106907
194142531
159878043
114163574
159231815
159650706
159587039
102396088
102371289
402925896
159788195
183777357
105588424
217258262
186319781
127443033
104274276
159694075
194160089
265441479
127442224
186898880
114147034
102361659
404981044
159491319
257259027
263291455
263230024
402977289
104748399
401301508
257247974
257132003
183792464
185958685
159375634
193806311
217921178
213033735
201608553
213017623
194419327
194623933
257264719
102347920
105860404
405412340
217140065
193243351
257286477
104282086
104571450
201008720
263274428
186481083
104679020
404694687
108813367
245151229
159488372
105944399
275015515
183787258
200494845
245423787
159197991
183795384
104434230
217805659
109460048
159852897
201510201
257282048
257150153
263005565
405080779
415127355
267402919
127263061
401893460
102374672
107920786
108368244
127233322
52234440
194372807
263296892
212398183
102385310
400782622
218040738
159491008
411110840
105119950
104329225
104534038
104690582
102279277
257004079
102351486
183805653
314478359
183441870
183632529
127532050
402076899
104599102
263280590
263148367
183162155
102381218
263083800
212044905
257135832
314469836
159742349
114166180
193638873
404678762
159817883
402849927
170944376
400603589
405168769
193886304
212783449
257005066
109392591
263305428
265192240
275277286
402709546
183720666
159442393
405215961
108095158
159875049
114187766
108339617
159493909
159882864
183851160
217660122
183843694
275004276
257229617
314471734
104954732
200978539
405505616
159840894
105634712
127948608
108828843
183227149
193267089
257265601
212417711
105134021
213278087
170845863
217489734
402846734
159375874
263257408
170548136
217289155
404829862
267437963
405264229
194558886
105724435
127092562
186488424
183474073
108035435
257059980
217659257
257263955
159815051
159798410
159837803
107855249
114164558
411259656
183194454
186572395
108780403
212092274
102393930
263025795
275716848
263290691
128533071
159693882
186480842
159814249
217385249
314494583
127224240
170866591
159866354
257262753
183171204
315005335
114142670
183532665
1234567890
104779388
159825356
245106185
183449141
263014047
104598229
126953056
263014060
257257913
105002511
183793898
104989494
404611662
218213935
183407691
217113453
257028847
159861210
127641408
127066097
265644557
126977915
183621806
109413323
183327094
105924894
275666797
52229752
404578183
109233106
170521739
275333480
194258305
114156561
183473825
127073631
194005607
105409711
183592020
126971631
201719481
218157279
102374410
402139803
257048661
108978747
183318327
50196740
265628041
105145337
194685888
159216263
401696099
183820943
159879333
217746245
245603107
213385940
400484454
263117588
404471370
104465197
257259839
193880515
222222222
275321747
183223188
217076745
159827066
127132352
159831342
257030165
159681665
104834122
411557854
183757211
263252284
257032435
104768642
183831275
183826525
193396025
114133017
194208575
245248836
108547717
127423613
102387925
104547148
212611917
159831537
183185599
217107853
183812497
128446237
186438509
159885471
200770155
257259831
183607165
245162773
263176205
126983768
108467523
402849989
217146905
217373963
165282409
257013324
186809139
104676932
194826527
401041605
170722667
159846377
105781296
102389855
102379251
201621104
201234253
263291549
159870930
201617363
159849316
107888352
212028931
183451456
263155207
108543212
275598534
275088209
194532272
127514753
212809488
186556260
159845616
265407715
107823085
183686555
257179200
194824663
400749520
263270788
275781486
108334548
263292420
272886362
275317254
267598543
314444609
217351923
314561761
400642065
263199163
159397247
159520428
257136314
212164424
263214702
201362424
257131344
401414944
400447141
108723853
127223224
183657133
263070595
267570708
105804767
107843088
194445337
200526112
201661882
400543317
257259445
263186245
186586395
245439334
108189434
102370359
267600143
263044606
107857455
183805474
170792302
193339354
183772526
213444954
200052846
159312671
193366546
263025442
102383731
263304207
267174147
183324944
400977156
159352206
257296547
245652190
183819076
117109608
257276790
104878233
183466056
127526886
104237070
411673110
159181973
257263527
114140020
183447317
127802974
159831959
212131522
314529817
245997804
193956060
212379395
200789586
170941837
186308784
102372583
265659343
245137477
257059432
108363208
257034903
405634203
127105690
200721482
263196849
105791243
102389161
159574062
183704547
263267825
183328707
232748383
183465544
127409215
127542387
314470589
263280440
159816168
183675261
105319276
114134496
170451510
200144311
425010748
193229796
212396682
405873234
159843557
263271909
257237281
257136569
257023653
126976135
212176516
212084088
402934121
105892297
201729836
159505489
159844063
183480406
183790735
108487209
263259300
183632842
185936340
183455625
245157829
401237093
186718476
127042197
170482801
159841885
52227265
263026207
114176873
411206537
217380547
257280390
108907025
183615926
183850783
183801853
128471147
109242545
401557647
183794779
257264968
212895228
405820613
183516629
257139764
159471277
102371227
405209820
200152274
57074370
405962824
314405668
183777007
213122640
104582685
265176301
159556843
218349226
170593403
114134318
114164810
108509161
186847213
159859819
105026227
159495584
212864144
108332213
218228684
212467483
275618360
183796131
105295824
183792147
186815120
135015980
263149659
183527670
275174825
114178348
127797607
183493641
257011837
265502093
159494141
245167817
159538858
104818009
200342583
108588739
183561849
405539988
194832305
263287061
200146516
159505210
108427933
193686909
263253187
200433388
401114727
114185145
267075962
194037035
159841410
257258055
263061410
114130486
257259717
400553980
105656064
108726686
257248190
104639086
263019048
128038709
257080888
267331221
186937910
110275503
402682334
401286626
186609058
200966482
105823735
159843101
109066403
415047457
200798601
263285125
183350581
183370607
218330707
127573641
105059677
402053296
217345625
114177114
201439382
108521262
267588364
114134615
194778884
183203410
104537868
102379841
212451656
170934661
212380423
141007965
183428545
186755242
183466047
102371080
263210093
257030156
404659760
52221202
159867253
183449198
183491861
193365190
212601162
401648759
159852855
170556068
257220119
183806454
159685924
170920605
314321808
263138526
159652265
217010856
108194860
104530529
401697666
212457877
183482507
267117742
217602083
212796585
114166841
257096277
201274727
105117602
186778619
245903743
404964897
170720866
14668976
194175032
183789322
159538497
107923226
128141574
105455625
102379383
212624100
263278019
265481467
159489112
114178636
265164093
257029618
127878353
159542689
314470077
183830758
159641432
159815998
265144869
402824793
159864111
217552192
127266382
114181858
257011715
404981201
128141577
183496072
109196265
193888060
102358106
159505205
183463765
109506872
200084924
183346162
267424622
102397278
108030764
183449146
127915228
201142329
159866360
86363469
128008412
212687343
400445482
193512189
401304541
183794947
159505553
183831508
159833084
405450213
183827389
257202549
127454866
105210564
183814261
217352276
400853536
183465793
404637070
200739252
402925888
257134597
194730664
404557131
405792663
401030807
114127969
102393635
275464731
186271653
183438223
212477166
159368142
212320354
217718593
104539975
314486367
114164072
267041234
267044388
128488484
183683881
275184379
102376900
159494146
245241895
159827957
275164189
193779026
170520988
263027909
263017190
263019229
114172155
108439799
127618591
102388895
213249148
257100289
102369481
102372359
186868393
114157126
263079829
108038665
159826260
201704732
159868118
400611638
102374976
159495238
194292961
228050986
193843334
109512908
257201042
257021189
257072283
186485051
170833504
159334897
127938154
257253442
267573218
257286812
405821556
263076124
114128666
263141579
401074415
200696769
263265083
257293080
200330011
108469384
212091136
245312068
183489855
193670302
212786453
126855761
265660678
194602216
257264441
183813916
186698560
57076677
105614232
193876411
128332628
200936950
159669882
183216060
275290267
411364067
105144959
201136193
411060126
193337925
159283277
102374415
183484062
159504931
404733972
108569583
212409171
201727208
193446209
51268685
400681955
263302835
257251320
404692046
104810712
127468808
212021149
159251376
194369360
213335923
275153562
104372313
141102237
200930433
217250142
183507866
108413456
159623549
267632737
405123681
201266223
265158551
127679385
402870059
257003877
275618368
186507734
183642941
186845919
212309007
405179514
159840215
263017976
263190327
401630628
267508203
109458106
183637061
159862996
183484020
274781807
159825267
212023264
159494151
183443643
257192173
267497027
102366306
263266920
193829492
263106618
114129475
128388166
257036882
257268234
263274699
314321241
404896646
114124936
257107053
257043136
257022741
257131603
401399938
263257444
200781709
263278839
159871968
128370021
104527199
102372634
109237219
108074072
127448955
193665617
102365194
314500198
159488336
127913016
102373400
405832376
127285873
193978756
245479250
183288117
405389183
159281265
257003888
159438672
246042648
200597540
183156510
217247166
194157296
75049935
217412294
117120854
194176231
102344477
170449315
275107540
257030169
108189686
245351980
201053184
405067119
200878334
265236092
401146301
263147433
193443613
114135306
159355027
411477332
263287841
183479900
126766098
201207631
411549033
411604655
200831059
265154877
405218083
102391471
186302361
104257485
159284151
108099185
401587289
405217472
212450830
102376980
265111336
257067046
108332711
194233863
200158695
263059726
257271799
159490387
183805649
114135456
183262744
404664985
159488379
108102739
401404801
245338514
257267733
217341983
159495922
314821711
105572803
128052010
159533446
183452449
263070689
183808246
183452338
102372868
400608166
183213023
186003060
114155419
127296824
105075018
405993795
218218617
245283686
411627108
186364275
108071765
108311227
108165281
257149837
183850866
217352149
257137972
245177378
267170100
183793573
200056681
275811117
104520703
196166833
217332831
159693705
200823958
170625358
206929521
183442289
404913706
105466845
193452562
212534734
401607923
159481726
212416035
183340591
102378830
105895998
183790889
127275693
128337610
183806321
183484041
267465881
263269777
212594807
102368302
102374359
109520657
263090959
314256703
183327793
127783906
257207706
159825691
117097321
109370560
183465545
104243545
401669822
159548583
128019975
402658122
265676507
127799284
159537285
186316694
159692307
159539329
265226822
105015461
109205146
183635193
119220021
405170395
159250989
213430734
114128148
183807867
128464874
108586071
213283306
218235745
108716227
52246735
263271502
159495886
314500205
183310458
183449463
102369012
217811901
257286479
257267682
257135645
186022725
159520067
401584105
102374409
401565875
159375848
183809762
401742203
405134349
104677416
159679814
108073306
104309489
263210878
159651313
183458279
159505196
159518186
405009412
265272366
400578256
159525922
194389898
401673652
183789098
411028190
127208531
186688940
159799541
263290540
263270475
257030161
183805907
114147711
263297021
183531431
183246674
257261388
159711491
159204844
400579573
245173529
186755842
159535198
405997279
159866389
217337397
275395302
405918923
404777976
275189105
227897544
245125174
275821493
405876709
104902835
263267184
267602890
183449165
159484424
183435572
105599238
186245009
263258642
114164102
128364762
183761456
212553459
402998864
267366528
213412787
257261514
257159913
108395061
108349557
183827836
275003743
159196339
108776017
257124193
193726778
183443230
263244758
104903448
400602740
257011840
159861464
405202697
437035018
159441947
183219900
127635726
105373244
183496465
217321504
114149516
411580827
108652745
245057458
86363367
159495513
200432599
212975364
128364807
159672868
217388828
186957480
128487631
257122715
263296355
263288806
404706860
183794067
183650881
405033972
104877982
401606461
127044107
128034421
275475995
183450002
257135943
257281952
194718318
217219980
263289210
102378072
267631746
159669884
127224406
186967753
267614083
127814196
275275951
217822878
267064376
217405147
200525116
183533601
314470301
257148594
417068722
104973961
401971719
314250413
201041210
405635178
159423954
128167374
108189433
263269522
183087691
114133633
218173763
200581157
159495240
183853469
275580231
267593523
402562837
194744826
159442275
213148071
183842881
245512551
217038251
201628062
128045907
126972569
102379352
186821798
108619376
245532297
257118016
218368798
170869123
183454954
183642360
127696775
108588555
200055719
128204385
159850920
102351501
212283007
183404574
127796846
183451621
411055337
105457608
159481984
159586974
114151075
57075922
263285860
245889109
217945968
108489034
405172801
49471822
159732616
127489016
401404708
105431502
159495257
314477457
183783865
104315787
257129957
257035834
263284173
404908712
102361792
257261686
108018874
183719728
217085141
159883638
183654066
245887505
102379388
212505785
218379162
183399043
183346161
159505202
263012085
401683046
102392289
218355707
193477060
213440292
263298132
245447508
107836690
127420415
411500307
193838719
257280436
102387079
183828202
159849319
183650484
400977162
400603583
127373378
126912599
402544045
159314305
217738813
263289207
212820670
107877231
108590091
58012293
193879097
183394171
127708053
104468858
159824477
104960498
183338028
159534178
196167030
183413069
265657540
114153111
245441191
126860169
159581018
265669139
102371793
193501829
102396947
232657706
411657951
257262205
159520152
114159709
257030151
127275995
127108871
186645615
263269107
105609211
183797191
257043096
183519000
212203187
108917793
267616223
128373263
411273983
257268248
159846628
213374366
404482859
200134009
217189675
183204680
108463182
257060192
102373249
102359002
51308327
213001077
257261075
159585103
405747986
263268883
275686636
257029832
127073713
170615180
401557716
170628850
105363996
275611237
127564464
159787509
183816781
193330843
159491350
102371329
102360458
183450600
217873685
275815685
127423127
104769049
213097939
257063727
114155816
270679716
127723560
257022566
263110017
114125612
159488570
126853412
170521892
183370619
405326988
257043095
255735113
186705215
159760719
108455258
159831941
109443147
128255505
404829860
212357708
411427008
402783886
402977299
159842508
159468180
411383771
257049173
109513314
87185475
185958169
126959457
217854686
186518687
108220174
186257512
212158691
159869003
401607936
102396464
114142526
66236181
263268820
104988371
186842358
104462231
102362526
200867684
200770421
114152362
102351445
159534134
267037173
108735149
159525926
159482174
194439459
267488312
245660042
400652247
183825641
104783482
263298621
159840329
245807447
183622503
108813247
194498069
127645498
201635864
183793364
108354765
401856124
275560744
127248117
102392563
275736923
400942307
245679326
200165943
186599147
194511082
245355965
193550829
105076315
153008488
405946579
186359900
104421776
183796912
263146282
170553399
159518154
200133917
275063944
257215787
109467323
217410808
217910980
404840302
257030155
109187106
275759418
405059297
159661699
128240354
183203817
186194798
109371646
402970498
159735852
212710294
404458282
186974219
186041466
263287030
263298867
102390452
265670889
183282420
183655556
405673544
257263920
263010210
411098199
411571137
183514371
217610163
127070663
159862603
183281078
200298766
257011331
263286875
108202268
186604562
263278912
170643845
275554447
183309914
186678379
159829831
128485009
314331021
257029624
153008039
232221049
128386005
263135336
108040369
267138207
159705189
127855445
194688303
275199314
213269688
102371824
212756692
405983119
275154910
257195990
159500198
245662510
107983867
114128873
183484065
257270412
200794011
257251901
404877284
257297563
275261676
52243513
104330698
405154222
263053801
186509641
194844307
257059162
114132852
263042402
128416229
183795683
105775216
127808495
159825670
267107907
127360807
213334813
405529352
159255650
170702354
404719550
109507220
104342767
404676654
159541052
263022409
170848748
200276533
201211999
108080105
437035026
102383571
186837780
186268861
263025851
217404086
411508173
402631614
159356936
159841052
201726910
257227765
405471438
265495319
170711282
183790420
107814485
265319544
411624688
102371006
213222279
108337233
159303260
257262822
212121477
193942506
183799501
257260593
183791183
245658303
401125557
200610487
401507446
194228070
263049162
114142544
217385869
263269813
159485743
102375542
257003869
102377264
411273970
411154809
159874058
314313454
263284175
186848507
159570959
105621600
402026395
105797394
257146033
186349164
186807212
217421961
183807902
135033347
263064483
275788063
105167352
159373892
217074129
183486377
127015619
257011502
401739956
159444715
114180927
127729737
245298233
201601981
102354607
159863185
159668960
102387656
186927530
170396087
128327497
314302602
105097426
183458424
201151245
102386396
257265515
194430943
401024363
200681401
194066013
227082962
400638995
245480293
109018561
263297418
275813113
126851249
314312635
170386501
186313561
104547326
105407769
200049595
102391453
404593197
159488338
405281937
194403764
170381465
265658730
257011518
105271090
183590055
153007666
128015012
127538565
111183053
217397394
127115440
159747912
126850190
194381287
170921824
159482879
217338380
217068725
401414699
257287788
159853215
104665964
193311032
159865652
400544313
159824041
257260973
411288497
50230581
212617841
245290578
227935277
411636925
245210685
114139755
127073714
265648101
109432224
275378857
127550364
128366090
217977463
400607529
170747885
109086515
218315140
263026210
263138615
183819944
257271861
212306241
265382133
263268028
265626842
245100477
183453228
108117998
212348591
183436683
183846911
401414274
141116425
108072321
200770161
114176871
159616638
275799238
49471819
425002254
263273687
314755167
217671456
102376989
159505620
275793419
267187753
212144898
183851481
200723448
193359557
127209303
257277196
127530667
105399470
109071139
405181868
314255104
183816682
218350198
127653550
104685542
186871865
257029670
183327156
218377822
183485808
263189816
401240256
245105594
183130462
127242103
213192167
159392819
217382887
263278827
114132423
102378740
275319388
49471936
159283375
267558473
411549725
102385844
159355020
194413550
257262705
200518525
159833731
217153309
257146032
183454960
102378899
159388427
193930672
263244778
257148408
183430480
128428649
183763477
217909475
114134648
405271732
127265749
159430538
159852217
109426670
275303287
201603255
402790824
128461480
400615756
102386665
159830581
227897533
105610759
183542909
183821974
213107151
263017346
194247390
102388616
183172178
183849716
402716277
183571794
200173590
193752842
105117748
159492510
183826490
127188333
186348851
183352119
212015590
405376864
159343950
263277649
217410865
104780750
128332364
263010825
200569629
401547282
217922443
159741158
104686994
185925527
275082386
212486700
411312221
183499000
102379363
213445549
159844268
263292044
102379732
193270915
404570023
102381768
159640591
114149641
217657675
257020695
411505427
263020111
114154403
212382375
186239348
212739657
159858668
201145818
217524987
212697607
257035838
401244013
193894852
183838615
411341082
102370162
263017831
263257604
217171782
212445077
263279624
159512016
183450056
193597118
200561426
183466155
159290661
257279740
128050336
404888126
159352207
402154591
159846471
183515455
159385568
159776702
263269932
212786037
257152430
49453159
183852367
275099307
212271911
183791955
217848851
263299251
183499021
267358160
401634638
267475223
186623863
404637072
108600846
401126217
183817820
105007367
114129647
257252169
159847643
263059725
127105691
183540193
108662817
102393623
265580055
257016974
114130580
185986830
200047125
402896198
401673661
126802554
212805056
127417468
102376779
186342077
153008079
186599001
267540171
102397178
267531817
102375208
159513504
415127355123456789
104908563
183807282
159634056
212469529
104878062
159530777
263278239
105030134
183281079
217547524
257011506
212104712
108579850
183338056
183162263
104526800
265631917
108245655
275428135
245016357
275468636
263068244
275605739
201374275
193950910
49471762
183643829
257261678
114134607
127559992
183203801
186443278
159606563
212816709
159444677
257025509
159200688
159608050
108451822
186424480
257034212
405139589
401135455
183241705
159840954
159850287
263275452
159599548
193659099
102393335
141095469
405996718
213382481
186222372
108939534
194722387
159838026
267598470
126934948
263273363
257261223
114190207
201129938
52219275
183805266
212340309
114134241
159601781
159397411
102373427
104524557
114121643
212414413
159841797
194773143
183361989
114156350
194830951
267086870
108346891
128225339
78089599
183832286
245667068
411077287
183501178
314474340
108790149
159870835
108060405
401859279
183465803
257117350
275788192
194079255
200935948
183787027
186586394
128000062
212342377
183287444
400273170
159265668
186976345
108147968
159833952
159415392
212130178
200166306
114164500
159831938
159843103
105576785
275736160
183568509
405422254
404777142
128115717
105167419
257274707
402231814
263050163
218340589
183851030
159825120
108643920
159842118
114182907
257043112
263270341
257269009
183828150
263272890
127793180
193824266
217973457
183795234
102389679
102385146
159840216
275733530
159498096
104899048
200877703
183548479
159849102
404509355
183802000
159536406
186670894
212816251
400603010
401689615
194291222
201706085
109209516
257268467
257107770
183281924
212028301
194521738
183434093
159847811
114157185
104896859
159533760
127776092
263255799
114186021
402895707
105410540
217589442
183454589
183668043
404938042
263074993
217718601
212090179
87198005
108267686
159541954
201666319
275117574
183457876
245851498
183789025
405133643
102381719
257011333
126815266
257011501
275572704
127590344
159626665
183795821
114152226
114172355
186867070
108546345
200249261
108621411
159488491
400226094
183817559
201719823
265550131
212477333
159316589
159747917
183478458
401231968
411255302
159817307
263272610
105639921
183842891
105648306
404784959
245517460
405096634
265281257
108062225
314827786
104389252
217359445
109337997
400681957
102374382
405440723
127468853
401547146
218335263
193707030
105913262
257134856
263293127
183536493
263287078
257116822
257234597
183293858
127124153
159757966
128447714
212182538
183468172
401404414
217738364
183823138
183310809
257003871
126804706
108667629
212443887
114156212
183466129
257112760
159711392
159300629
404908713
213171959
200730032
102362114
212743119
401847411
275712133
405703229
193925870
159525923
114154208
402761661
263134496
104330699
200253303
127503312
183505312
183477004
108073305
127645896
128351288
263019638
159637763
126970195
183488494
170767300
102353999
201721722
159847273
183465805
402742188
159347628
245948232
159452734
102378375
102350077
114164974
159822852
193326600
127224241
159829976
186739474
170753886
186257119
165239885
437002229
417071699
183465791
102368577
263048197
401764300
128384729
102383481
128158754
183691427
411158580
126954436
267519535
400503481
127180285
275828221
170652672
183650236
183587500
114134172
212355652
212262831
159582007
102381391
159668966
127390028
119219245
183519812
213413803
257030154
217794152
159266578
245450739
183782603
401692015
400582381
263284171
102370258
267558974
183485240
257296239
401454526
265532983
114133048
194637703
183833342
217373843
170824433
105481754
245366342
245934896
108086041
186928106
267446844
183805455
111161048
111111111
263016825
212368317
263273229
114164566
159531931
126787255
102360467
401738870
213335129
267683615
107943610
102381563
127350837
263055692
159332304
159840608
183515045
114180950
193444551
159600504
245646662
102371600
245567339
102379134
201437827
127457032
257029620
194830483
257180050
217379402
186864215
183466131
105571082
404745247
263278067
183827700
212721059
193967125
159659552
275615504
159853788
102383262
183543281
171948265
194829999
411546671
108506041
159771783
109516559
183842999
109513583
159866357
104446949
102381221
102370356
159505495
114176062
159883626
127948385
102388424
183436043
102382876
159882270
411288511
217422368
104813037
183827711
183543547
104749251
193947983
159883574
193880332
159279243
127791287
114131249
275177153
108099743
109507698
183496055
186883686
213333028
183205596
127159582
212907481
128178940
405448776
119187741
257264276
102379919
183632540
193210203
183832234
102369373
257030170
218370890
183763014
170963428
159834579
275816089
217754975
186784200
263030107
217318644
102379903
257059487
405486099
212269599
404668112
218254791
201454433
108342729
255642195
102370013
257041853
257262392
265529006
257134391
126929825
183269961
183621812
108540055
263222714
194766408
267625287
159845722
183449203
404783930
108547939
105021230
183851158
405463317
186808352
107809011
183239686
114166530
183178682
104991635
200577655
159250944
108407147
104452188
263008923
257005485
257275546
263282561
245124316
200493366
183332826
102384620
127365929
257030164
245824848
263269430
401114717
109330563
218002238
201135837
107823007
200635815
127529117
263284180
212555673
194814019
263063691
128480029
217810934
114154905
186316692
104983769
263287708
159491439
218138916
159838589
245512125
104598199
159490790
265675998
212479367
401977794
159713550
257011335
201229297
183847329
217513452
263152117
217473315
183466098
159531665
183786842
127030521
183446489
170534431
401627718
201499928
186257362
201136941
183796766
127194862
102375687
186796541
411326537
402310545
159303824
183711113
267641902
263290656
114159305
183811660
104519282
183790126
263203739
194825998
102364956
183798638
159879247
114164580
186583523
200279642
218357392
170567321
170448670
263144006
104495050
217869086
114129794
212368339
108049322
267436720
183803885
186554171
245186211
186550964
114131865
104588703
411646636
52220819
212028896
411176857
14682997
183446473
404897133
217682211
267567181
193245527
265631973
400853634
105373102
183466902
153007719
183314025
183516369
49454221
102393957
183422830
183820840
114146421
183808024
217344959
200541955
107923825
159794858
213451215
193970530
265124532
108558782
50196741
105494958
102391462
109477968
212387708
194501485
114136734
257260920
263291865
159841215
170593919
104257858
108014992
263041136
217539037
186486354
405443065
405270903
257287236
183203818
405052919
314471410
263146472
183646761
425009414
257139150
183465598
159350180
128358367
183465542
263004476
114190264
257284113
200936727
257266589
193383003
78089994
102377525
114146041
90071320
183836838
212194378
104500481
114160084
127693129
411325390
400755276
201575000
108565418
218007870
170842688
104543683
437012818
159316588
183795704
102371384
126926774
263032908
86356984
257130445
265082873
257261509
127025126
186892419
405333158
263275556
402977266
212132872
159641168
314246440
105688777
126851220
183827719
402728905
257274629
263138885
245264719
401906251
257011516
87203913
186861667
401857902
411347646
401414285
127529806
245868450
257025528
183253595
183851685
193552088
102369523
401869303
127659187
127491598
159687251
183219606
102367389
114166103
193244195
217031489
401025331
114131523
102395678
183499016
263097509
263098224
183446548
404598854
183796536
159541931
245912496
401788496
127530938
159241721
405668255
186192740
265597814
50196553
128392098
108355850
108813011
159838118
183594314
183844804
114132096
257143489
159531305
105581844
183810143
263291572
201706609
218039526
217035401
159845717
275782298
263214490
105840772
411708029
314255861
193892834
159271767
159879135
257262754
257275815
194005874
275167341
114134446
212467860
105399610
186425729
159716768
159488816
104963877
404876625
105256243
186960362
108558261
200761631
128316152
108306941
102393081
159494147
105543520
404983280
257274526
245134356
102373654
159387260
267451587
227897534
127186649
105900006
263234429
186394538
159826172
194614724
257011310
272886596
159868001
265109067
170798091
217725776
227986073
159532618
183374168
257126978
159885477
193509160
263214536
186747706
105400084
411648861
257254037
263026208
159857665
102378905
186974243
127895455
159853587
128431477
257024025
193294960
193947878
265512777
411188079
159352994
108475761
128246689
105429548
114169370
257164405
127426488
186569884
405798760
404988019
186126910
263293883
183648751
217353336
159220127
159707434
263025823
117100592
194828040
257271470
402128228
245964455
102392013
402716143
267057844
201621916
183449174
193792730
401623220
104901762
267166773
257280479
105902939
127054183
341412233
411551213
183267997
257059493
405301570
127854316
194804967
159582602
127607715
159818758
170869325
218335662
201728366
402608009
183601146
263147432
128482861
200056701
170903256
217241765
102366148
212029388
402725945
114155247
102390897
193638763
126954435
128321530
212964103
102378414
245160831
183781747
183449172
206998538
159671963
183317623
127784592
186090094
183337086
105518041
159841523
102393430
245151337
159733117
227780701
186223782
183455893
201550145
159854494
401409484
405314539
159531921
212950081
108919757
127024634
411589930
114123800
314255030
186465177
104491865
186400265
104309487
212411184
128413923
200626104
193338085
127174074
245286305
105494402
183794879
217444904
105366927
265284818
102354635
267314646
183220274
257268448
102376922
183401433
186822903
159865454
127114790
257129666
257029717
183795906
114128130
109072750
200156702
183779983
201494582
159304528
141099722
212437210
257286867
212424884
200946017
127420970
275268537
183787589
411356016
186588153
105303793
194191684
186329745
126851221
257089722
102364938
114164563
183721576
401680333
159290662
212541294
108463344
105151177
263067904
183255146
183437198
402155030
183810408
114129929
108349378
405311800
170724440
257274531
114148998
405661890
212955907
102377212
114163053
263025856
183623943
314740081
405116672
194828240
183484043
263277522
183781626
200030521
159454457
102279768
402024966
267598731
186506056
217626565
267402299
246001757
217902829
263085945
267437351
200269734
212778970
109496286
200588968
186340433
102384850
263268969
87196916
200894584
245596089
275164262
127360803
201678901
127557227
200392188
114125684
275082940
402857784
159513591
159866379
275091402
105403731
108013057
405775217
114014873
128305953
183796595
102390570
183602315
217353052
104878234
127780013
275432040
183449169
104571359
104623289
194090844
114151316
170903228
159525929
263112624
159697667
193326284
200253000
263240075
245109966
194255912
126831015
263258590
212169629
159861249
159265294
183339457
159488401
193737906
102381222
257070410
159830765
183499789
105985222
186229820
183465603
109199512
183508728
217054773
102370353
170567032
159756677
186116685
194389908
257119917
159833085
217829556
114175625
108072706
159693878
213006074
404656782
127222966
193295019
159699789
257190107
104711135
245976866
105646886
127664489
108188471
104309484
108641813
183716087
263075840
159488319
201496060
159599529
193981081
186841083
275827988
402783276
183785319
183620349
114153704
402797994
186579382
217561806
257011509
218361573
170847776
212256117
183315683
411440770
105800263
217496347
108743967
186595449
114154395
212864137
405905989
114133264
159378109
114189391
401698111
159821565
400699988
212136166
159839188
257004188
213380374
128095410
257109680
105993226
159871167
217752932
105012689
275788426
400272645
263072135
159746661
411487566
265425688
218077271
109171715
186690922
104581911
201624550
183490922
127365462
217621421
159514978
267176368
119185574
201008391
257233588
108932554
105917351
114190708
102379368
257264749
183770088
128418184
183509852
128216193
263285196
108367806
127186650
263030411
159505555
159833240
105422252
159387259
263283651
263294718
275802086
212159702
263148435
114148029
105139017
314485911
263108745
405450908
257266106
159829905
127790222
159715546
159377305
217088044
127076082
183559685
405824364
401536903
183845895
400666477
275157162
217682121
108298207
402925846
314863583
127216268
263027720
267367311
107931197
186281529
183807451
212383346
217586421
263272607
127667123
110287133
217877733
186516214
217538117
159837479
108108083
108191815
105286075
404713073
212174009
400755300
200161093
108643551
404757626
194522158
102372529
183796312
194686495
102395108
263004608
267534614
183485233
127455418
127585030
114127600
217171185
217046535
105795266
127769492
109452322
183356963
217639270
170979171
201725253
183197340
212091492
405312157
200742876
108621285
263025850
183792300
105456913
105760316
108270534
275303247
411529409
105318737
127939463
201575267
275213051
141116397
108640020
159606020
108594467
183163739
200991150
265141360
183723503
159867976
109108816
102360578
183179384
127784280
263102296
159831350
102369703
104692225
201135450
183357009
263155202
183484315
227899052
217580549
212047820
218429069
183431217
257032424
257253230
102366035
275782882
193509706
114128111
263095306
265230342
402580851
127268092
257271505
102379378
159827679
159859189
200365048
159386311
111151300
257023548
102373923
314446537
263268245
159769610
263294552
193611164
212050467
183798210
405122855
105168407
102392384
159534830
183850664
257043120
109503632
257029682
114158340
212399784
263268822
212368303
186326519
405073143
185962367
102374830
404538670
114132182
405553567
265508821
183630108
127801665
404721061
218072154
127845978
159703350
212694743
401112967
263271166
185957712
257270750
245194382
194827515
183446494
114146078
102383617
108200698
108126694
257225038
314682675
49475557
159518988
213082489
314681726
257011191
127706230
405027337
275491112
245943752
400272520
245706456
183808348
102379372
257259999
159293896
402723331
400927781
183473063
267153497
212451763
159283149
159477990
194037701
425009523
183805935
402780570
186880228
193692999
401252133
102388841
405341366
425005688
186949010
257247471
109247418
114166834
108438470
405000310
263045390
218178960
186706404
183449182
401031001
108090428
127237410
212728522
114135312
193234640
193571053
437012817
257029629
401695985
159839059
104773227
183529113
193888367
183635550
159504955
200304113
104265015
108892443
201626044
183841460
159838470
263273298
417044556
987654321
109041313
194308232
159802463
183820254
107974292
109094619
108593175
186518940
275519454
400699998
275201870
170519134
109085680
275177272
218353841
127199324
186822012
200592656
400487511
114159277
159876536
257147028
127878848
400245160
213125621
102388910
109519197
411303703
183607272
218282612
194720409
218026200
124356789
114164067
102369741
183809294
159299748
159846144
263286787
159486582
104899803
402896399
217254576
193385580
217701226
186870286
183604523
263277123
402757702
159791561
404716765
170575500
114135310
194715093
411661706
201155386
114185184
102363077
159825274
114189911
108789784
405831704
263007830
411439894
114135608
183180610
159879899
105627678
183402749
194704438
411388028
193759911
186362847
110422986
253141325
104808701
275554623
159851747
51268684
212983499
114131412
193522217
212837249
109513015
400644995
105222199
170554554
109386741
411662911
257258130
105556159
212950767
314256918
186744478
108079444
405180030
200120145
257030158
109322277
159428586
217971492
127480326
105425669
212059885
186470047
159879264
170681396
401496901
159753664
401630633
257048122
183428552
201520800
183466145
183824382
194829291
257186933
194588416
127725027
102396660
186478781
267394832
212180080
186424381
159841887
183579965
127573555
402925855
117120853
193347362
257286811
105412896
183374508
257293864
127265750
212318439
417072647
200795508
102376885
127071127
127462942
108891384
170683995
102372314
411406345
109478643
217177966
170722472
267567240
267019533
411333852
114141578
263267214
193246279
170838871
183485092
186896376
183225493
126735793
159845904
201404337
257017835
401038800
159833612
159827280
314405662
183794702
401630346
186575585
110298991
183465801
183794485
114166814
159841822
194574276
212138825
159845992
186367079
186783351
267282958
263143252
159458536
183814794
159692365
193590960
186791798
159239726
402723100
102367170
263144786
159828428
183458712
183434309
314477890
159867061
114172886
127914627
159866352
263056900
194069397
108570184
183795426
127429864
104669527
314375691
50201948
126977994
404659715
263047349
257247570
159671751
401547210
257291077
213176173
104257493
263284943
127789444
183603711
218325136
405424460
217351819
404626291
263150598
87208737
114157426
108201546
401397164
114153686
265269722
265054712
402956816
200797088
212744179
400215266
265174804
102373673
186446461
185998885
127594013
404672195
401165479
263287867
212411343
107960091
275044188
401977807
193963869
159494150
127882453
314311321
212048362
257287881
87178773
275737972
159836286
263291879
183793082
159296211
108519162
114127906
127319935
275812230
257265651
159338511
194828696
401030118
102370988
127382580
265444353
201649815
159834075
183792837
212586584
275644003
170572622
170830545
275769429
159825626
126957078
183443326
102394923
183465567
257270981
159383508
102394668
257270382
267390313
400699993
114058779
183736685
102385109
194650268
212203188
52237961
109075003
405148354
257268543
257112465
108682059
217607130
108936638
183449351
212073270
159505664
400072672
267211278
200287191
127775952
105544663
183848549
159492309
141119091
245064622
102394338
257265015
275407764
183829141
257276143
126762141
213138841
186130630
267109502
105337728
194715058
257260703
109412759
108741233
402890709
263004991
411493082
404787611
108265256
109029364
275597987
159488569
200458007
194176266
159831423
50206162
402405990
109452180
245025813
170566350
183792167
218349142
183799570
183655412
404888127
183180609
405008949
275013233
183828196
159693269
212392770
245278630
159571157
127829887
183728965
401856226
159848730
186574256
411078231
193328091
183632160
170567813
263274236
245185864
114134186
105462596
217463526
159250406
159485835
401288282
193990342
404899347
183805937
183202912
275609708
183484309
104388595
193959605
257193103
159847101
126819940
257075133
401380464
159534136
200978947
183482517
104700543
263003717
404472860
108390831
212158695
114138877
159827904
201696928
265566457
183441363
183809310
183334965
183676141
102374730
159258438
104975663
102351227
201553315
114132583
183596447
102369419
114144008
114147990
126987860
245635801
194429696
105036763
405441616
263076125
263271881
183542302
201311583
159290977
404725563
193289739
193811819
218335388
159834564
159850270
401125980
267376411
245498011
159198346
127258987
411542477
102384058
183457235
183264381
159396986
263274021
170745321
159846384
263146470
108504553
114023947
405351210
194830865
263286790
213077398
159495231
315003466
186222649
263286270
267007178
114157532
411639917
200501601
186140837
114185946
245869229
404875744
114135684
159865671
200837192
200146510
186802899
200442331
159716977
212640932
102370155
245187812
183337738
425029942
257277674
193309305
102384384
108595567
104973706
263148547
265661924
109236611
183311240
402845798
257149113
263293819
265065623
401405023
183521898
265670818
186738336
108188476
183234279
265197335
183790048
159650852
257131555
159522538
217556936
114167306
159386306
170676937
213232816
257139767
212838401
108644431
105740102
217186255
245690991
127599851
108834734
217591485
193423957
263243905
104525169
193863333
183795154
400641646
193936342
159693059
263077342
108025278
200378322
265242429
183334693
257069193
128020430
263189566
170564249
275259065
183327155
102361778
159844113
183505644
102374301
126928215
128206869
117121298
245560323
159883583
102372624
183618352
159841688
400620998
201061934
183486342
108104993
102369218
201224848
401084380
183791554
183635481
402788548
257280639
105901362
200521209
193268710
400676539
257043918
263270909
183476646
265476807
114139540
102371511
108892112
263286255
127502448
109211069
257145084
425004567
108211886
108904988
212892911
217320800
200564231
159872544
108163801
267239493
159879339
212676960
127690563
212437211
212739537
402427607
201663710
114189031
105034407
200365292
170806688
193558987
183814776
105587579
213310693
159835717
159885382
108401448
263277712
267282907
183806323
183472528
217379674
257261640
102393800
257192567
107976192
159813003
212591399
159813089
217442772
404691196
263257432
212382803
128016937
114170665
105146913
263136999
114156572
267515584
246029065
102368687
257011508
104653319
404507309
217479721
104599715
159355026
127936661
186318995
183850539
212348922
183806322
263010404
159653137
114131383
257162856
217011350
104471316
402858570
194827139
159243988
263276690
104961416
217093422
114125954
183200053
257135346
108074251
263292733
257274791
195743992
405434301
159193175
183696226
200939756
314311318
212441396
128347911
186677542
183822125
404995590
114139104
108716251
401109505
159627942
213264660
186227617
126885397
200811825
108147861
102385669
170837335
274866911
402831222
405181869
159667923
213132144
200719677
263081647
127912567
186291988
153007111
265546127
183290471
263302823
263010401
217302098
186446467
265508399
257230493
401414299
218100514
159854537
104253761
104457127
213252554
104938424
263297509
159722231
275189343
275699110
245732254
102388843
159505617
405150749
257032156
267284943
159760718
107857457
183547700
105800381
201598091
159371435
108590351
257030149
257276148
159489267
201070914
127757296
170883815
263270820
114152183
201723217
183697539
405257236
159299750
404595993
257198198
170831551
127402886
400484453
267620295
265177373
114165777
159489754
257067265
102376923
108563291
183796628
183290472
405299538
200524542
275473932
105187720
212369757
275001932
275150628
183160641
185961545
186642562
263170898
127678094
186837251
267510213
212547371
102371209
52228217
411548832
128453925
200630388
183792838
411495807
194142967
183812466
263277709
159494311
200751657
127414878
159432769
405180310
159835103
104780084
114152313
127365921
200466879
183693308
183238625
275276851
159845756
257010135
159817068
159464924
159541940
102371067
159867498
257035745
107858515
212012108
194301022
114153719
127319107
212659199
267513532
275821071
185936396
108566969
263151748
127115558
217423889
267457480
127282971
201391616
257004217
263025821
108928766
127750153
245435633
108069419
213452665
107912482
263284135
263286468
401030693
159334896
102344688
267502407
257287256
217460706
314791677
263288009
201096421
183449208
183678980
405022515
200723415
401696629
127660149
200215015
183788249
263281220
263109936
257005426
257285440
400447101
275355435
159853695
104850174
405046971
128455682
245808568
265404808
165288392
263295918
183814703
159836861
183812483
193285960
193555187
14683093
194513245
102380912
127395951
193930442
183347010
212416474
159488362
257122012
135016939
267628886
263277790
183545521
127503354
194836320
183511916
411361497
411309383
212080192
114136363
105401352
104740332
193571436
183831503
105374499
401182282
114159772
400455766
212799230
183480736
159465538
170411726
217520496
114128505
183781364
401070064
159696943
183334964
245679376
186885962
186342462
217099954
186394245
194829310
314313167
405853252
404798600
159727931
183543226
265257399
104460988
263005687
114142992
263296936
108228138
193951471
159421149
183794213
201185664
186628260
200558919
257071046
275629721
217267208
314483113
200611368
193942505
104543005
245643794
183779105
217722561
183803308
114136917
193843309
114175323
105200723
217103601
159696263
193449927
104309483
257214619
257029679
183693131
159839850
114154471
193257335
159841547
102378108
263006944
186429002
194468384
275118109
104659140
200978236
102383670
104307252
52241002
213202983
126943761
411191524
263269017
127118551
212453459
126866480
159513556
263016528
159856335
263280444
128504437
183443245
245244560
245629863
159853846
127362368
400596227
401690931
213383990
105363925
126931715
183395269
114130711
275256641
159490637
213282159
263010213
159684032
127420768
257268868
193629200
159531959
193883585
183836903
186894593
159303829
200501552
114127756
186666968
263279434
183479526
263051469
159208214
159495244
183791196
127721786
127468854
109111169
263287677
217084945
183805015
170767359
263100676
128233120
217673543
104316086
183530494
400094081
114170637
108181052
257026995
127461520
183515712
218335074
14650852
127605417
104518331
213451642
104742377
183466097
126809475
102376945
102377014
194368771
186802926
186651869
265621956
108265238
87182897
123456789
411523146
127574141
114125558
265611618
194730668
263185203
127698114
263033214
400659739
119220020
275615862
257030959
183845208
411048724
257142147
183449162
411632925
314244395
183834082
257023104
201533052
400571177
257036884
265064639
257277943
186404115
263271063
127454295
401413502
114130496
108050237
159651214
257278000
159752120
437042386
114172076
183523288
114144099
105361476
217046628
193241507
127332385
257293774
257263918
111157565
159177589
183805336
183162893
159525542
102374750
183309712
200309117
159283276
186936912
183284348
114135315
170794471
159840538
257249577
159193978
159551335
170874943
401045402
126912154
411629257
102372065
183804317
183299896
275075634
263272008
114125125
104315441
315014244
170969345
186338008
401182545
257293082
159879336
200981158
400591091
159692174
52241773
263111158
126744983
159307968
128485188
201657867
245150358
183794897
265140656
159265669
159835956
108549195
105023584
411629097
263281377
114144980
275818193
183432955
212188309
170854454
183449196
212088657
257023402
200385116
314313991
212472169
212265606
401413308
159522008
257189929
159848955
200852017
108592874
105682391
257056330
265409754
212387889
127529250
128418497
159236409
200143809
108592417
213104043
105898003
263025819
117123724
102351912
263239535
257125548
405757268
183505204
102376043
108759211
183451163
105691335
183449193
201628494
108376585
257263098
102374223
104499945
193618229
275113071
128019957
183417857
257199495
186818748
405500458
257274784
267536997
102369433
159459553
212895598
159694083
401540244
102379819
267625154
108370036
105189121
159830457
251493737
128434186
257278218
186112047
218218140
217152386
193953344
218309692
267422000
405304548
102379922
212112909
159505662
405387939
263166624
405028164
405840969
159243025
257220722
159844012
159766645
201230444
126767600
186607850
263009076
186267443
200337106
267510728
108337521
186377322
212696353
411069272
128144729
267316717
401143406
105022753
212159946
183653779
257135191
263165592
105888269
105586862
257272113
257297453
217313258
263192404
263290156
186678982
186020566
159839489
405465870
159602106
405405551
275060322
104766077
212606976
194217537
183489941
105569558
127186718
263140155
405333159
105424510
102393198
183244841
159180238
217356965
218326416
401261182
104342664
183794612
257263228
201520166
400484523
404491363
170880442
193593928
263190282
245435245
159825982
193382366
170681237
104983770
114167693
194104457
183443242
128386067
263298485
263010202
102348260
245448438
102377164
102374604
217929419
186429069
257078863
127235260
108563591
114132543
104997261
213334160
107980210
257269602
404992805
200753745
245774619
405705604
183743715
105779616
405164583
401211986
404729775
114158000
405093071
108156119
186517438
159843879
267465062
217930149
194680812
183853848
218176929
183456923
200273247
405317991
159505211
159814963
402716421
109086807
159588992
263291247
267005541
159866355
186678130
257225033
105911495
193692026
170797016
245985822
127767770
212273716
114169153
257261699
114167056
263186195
217685294
201041421
186486104
114144613
102389627
274867551
402301270
401415297
263146471
275601324
218043141
217042648
128365990
411672563
245605082
257272381
193520062
183206649
186744504
213187171
265393492
275279441
265458817
104690504
50205332
114169908
114190020
183810050
212383440
400602984
109297786
245556529
257278399
183849047
126808781
183794988
201607201
109224517
257247215
401448021
201061950
213059108
170525229
109004222
186877364
267603840
263065225
109449933
411247679
183273516
265303037
102370342
52221100
200310324
108866756
257261177
105962249
183842857
51311021
195740062
257137009
401518762
111158539
263026203
159850608
183804568
108251281
127433591
110363262
108577415
200359341
425014772
267013613
102368880
263200735
183853470
257272565
105862508
201727742
212396689
257179211
114171527
314244720
185984719
265617051
186765285
402106992
257011748
102376143
263094287
217744270
217911572
183414723
213448107
401114797
114145311
257259979
183680546
263017921
195702872
218351245
263276647
400146492
127102981
114172172
212045037
263267875
249538373
263010212
246007494
127807894
114152889
200580106
159692402
104710788
114126889
186069517
114158819
108479807
108563511
405513727
183652355
314470019
263289934
186836861
217009559
263235460
217929438
183443248
212224351
107921095
127264522
159488373
257259819
218127953
257190607
105055787
314258448
127275445
275182917
186541198
257277562
183524602
183830562
102376085
108496537
183621804
257277694
183842889
183562561
217178108
411673654
183455719
159220745
401547370
102373236
183519611
212303247
183180608
212691395
402153314
107839928
194212520
194606484
401257930
401033689
217285206
126860799
114126219
263215517
126766108
159689587
263025791
217015921
104554274
275472441
263186282
183811088
193583465
183266654
183836353
159656552
159692792
263285514
102378604
405083766
217052777
105406579
183807567
102381096
183845000
159279511
183686443
411055904
275098879
105721196
104265016
104520461
404942055
405651569
183244847
193728763
413225748
193809887
108103044
257148880
217163138
183803637
104519164
108014377
400646484
263153155
183787597
105084536
263270255
183480973
108692919
401413627
128494558
159691399
263268776
127646243
159843003
401558288
186554291
213077914
263265921
159504935
193577957
159505554
105649603
263077843
159693450
102390025
402727978
411397209
263042951
102373968
109492304
183791954
193416327
411651786
267091552
213160976
159875589
108907024
194444303
183457402
183384410
105262711
267493138
126870655
194430991
183791664
263032907
104525229
159828489
104432679
114157525
102383541
104686630
275598307
401395739
267484490
201526334
127248206
108982668
183452586
183295401
159661046
102393289
127263066
195261863
183442989
257246466
52232692
183468670
218042632
245756335
159838530
108354874
265590149
217132070
104953608
102378182
159441642
263151537
201152861
411549275
127435668
402004408
212513306
183362076
402970619
185986776
159369360
128011232
213394311
193533581
159492491
213457615
102375134
200794010
194759867
126850197
194827705
257193893
217011345
159446809
102370996
183449749
114156497
400804476
213384931
257044771
114172600
159839823
263253907
404973191
201663260
105571478
108916743
263271359
212345903
212238941
405550254
108823361
217144299
411588456
263285197
127085807
128253572
108839024
102393976
159498972
314561825
267252655
257293077
217165756
246009113
114130094
159802744
217143589
263273286
114135520
183636182
108389532
159221080
105494496
185986339
114137613
217736047
257293030
263010464
183499022
411520470
159711769
159834504
217860977
186652220
257204311
183725131
183238409
183466094
102365531
193756594
217119093
194146328
127093812
102383374
200660902
270339590
200383620
159479524
212827961
217991437
200212831
314470023
267528149
170656799
159798228
170536145
159327569
183226462
159588990
212045279
126886781
411383977
159826336
114184324
245448699
170672824
257296449
218368637
114162465
183828160
411158562
217460085
107878688
170453733
186870369
201157693
183804261
159525582
86343662
102374215
257019643
245093035
217619874
183635336
213202585
263026374
105168102
265030985
185925758
108098700
405912195
402157437
411666011
212968492
314500030
402289133
263267818
212488043
102371741
105222266
257011773
170399955
159619075
102378954
201571705
50197020
102378621
411276164
183219605
102385072
212182359
263239619
183445876
193514847
159818810
159614995
159494903
127448518
170530688
128330938
159488360
263010446
159692370
183326307
183368515
104466162
194021718
108247703
263137995
200266853
257278782
212791978
114164364
105975799
186454122
201622061
257257502
405620814
102390740
251559325
411624961
405558615
108563672
107839927
127293494
52247243
117121373
170536131
114157524
159505615
404713074
159650857
263055800
193407558
267558920
217561580
267457416
183633323
275588602
217552389
411326240
127787266
51293579
405534862
183636347
183655229
108679703
200581913
183449167
170773091
401024296
257261004
401628877
263052461
186503803
183851327
186842470
201040884
159541933
212442979
127766286
128367035
104379216
263054842
200070975
183592950
105554609
201216895
217051357
263259312
170769079
263010910
275813833
183777050
402797671
128249404
257021427
183450879
333333333
251483578
114184743
165282933
114164642
105263542
114143144
212399783
127814010
193258337
263267957
404725564
105222209
405458554
128416230
411649429
186864924
159823934
127696778
128037288
257271831
159490837
102379381
102388730
257247895
108094994
183502943
401694946
127420246
218317469
128212510
257117955
186454554
159525544
405303491
102376894
105898429
105308981
104824558
159867989
183634863
108563550
127793702
114132201
170772200
193901671
109520218
102343892
218024782
201706123
104470533
401275832
186824039
404828739
127073632
108544088
186842015
200457989
108564695
263148286
159494905
314295967
183360875
213264156
404666141
114178630
265670681
193880874
401696083
107937070
66235407
105452895
200080893
404468767
102396029
212588995
128250103
108209851
275637378
127345525
159513895
194472649
159781818
263271365
263029460
193432420
405195346
402849913
127331463
200295604
159830081
102370159
186176594
49449181
263282552
186684425
109066399
183466124
213318788
257289120
183247544
263257552
159849320
401404590
183798024
401848195
257045366
159740507
186267380
114165851
108710522
102344830
159589993
257075846
263216368
183566905
183534967
212791091
183364487
200166724
183254360
257227205
194138089
102397211
102382869
105164206
257296978
275826985
401110310
183574823
265661902
257270086
127972367
275127408
107822889
213423611
404793407
275312399
227884145
183848235
263287025
265692931
186311166
108654618
102387248
128241138
159518853
127036265
263050196
183810594
114156594
411553809
127582453
183849841
108087263
159845764
114170817
212543248
212128930
128112675
186402969
265187050
265106928
257288562
193597119
183527010
128115517
102392124
411326509
401136297
217604575
263138051
227925231
127014394
159827212
257011514
108670563
257285022
127904996
159739356
183698670
183446430
263117595
275396578
257011836
108619406
401306051
114166844
267087395
102385088
127903632
159816723
193757063
109071137
183822553
217327395
159518353
183827669
49450237
245309005
183805911
183251115
218317832
275177592
201137800
104902145
107965261
159504937
257004211
183656505
159265295
263255942
263004364
245619230
159519470
402092571
402977283
401121297
401400654
263286149
212927532
186618451
108797943
186299923
186520247
257268391
263026202
217738775
104235530
159847419
183708411
402820860
108898546
263265381
212270139
218372546
212155649
200753718
404730086
194778311
186766675
257262580
183457371
159803432
267609216
314477813
159839709
227986082
193626974
401125404
110385074
183456193
200271695
404753288
314475016
401120761
402783284
405438151
170571345
102375615
170377561
401311514
51268815
263283652
200927176
90070770
314561778
102366987
212894022
405252573
218298037
218414860
212296163
108462890
102368859
257106431
212591061
159583673
114163539
111155619
194825964
127300242
411671676
263239462
257266758
159373633
257290309
194336731
257294760
114159601
217926729
413140736
257112211
128070601
108497904
102373140
183246673
194357644
200050664
263047724
193665613
128432010
159279903
401025416
186111782
401062133
404773990
194015088
201695399
183797933
263215140
405734055
186836802
405343515
183685754
159867598
159696105
193790437
314320862
159815660
159838100
159818299
245828448
159319017
186325898
104645931
109328609
257257581
127211788
263286272
159846671
404728077
104330364
218346131
186641021
267014442
159319600
114118030
159846029
183455130
107813888
257286947
159709261
263275692
417068648
183708731
217993518
159424193
257194298
257287249
263270355
183827919
245209133
114184861
265530698
201131603
263022086
217178531
186455152
127020786
159534131
411549721
217801193
402922689
127505776
227754214
183502667
105051052
212265643
212839592
159193450
405454675
183795534
186198480
201142807
217573115
183371324
194005928
257142215
193222952
212404961
183465595
257287396
128388024
183251114
128386642
213414120
217727671
194314580
183795504
257256728
245894295
263017052
128456882
159834509
183499015
107979263
159414965
267618881
183826639
425004286
102386251
405599206
102376150
263010365
201120202
104646682
257004584
183314890
108228139
183466148
127794301
213062365
183270142
108001418
104633617
159541959
186839480
127025127
263263544
104674970
51278481
404637073
186761271
401123477
255650039
108563517
411237762
186523952
265661945
257038548
159545526
200540507
275267529
212838417
183808602
102348905
275645208
183629402
141097352
159534129
201658209
114119517
200290226
201146863
413066422
402796897
183806381
265642212
159505203
186814579
193437212
183540649
265651613
159693881
183846802
265317249
170640857
217039442
263192111
402798448
257009617
401984686
126960059
183539949
212412513
263271798
411457980
102373407
102378332
200462986
159495982
217113708
126810903
193331043
102396275
159816196
405679971
212236682
193629636
104309486
411314581
217039752
263064478
127120080
193229733
405111117
263284475
127585759
141000707
267494807
183798211
405832938
186590961
128414239
404557132
245512042
193231356
127260671
257030157
185981928
107857454
411609889
183259091
257251584
126851250
193892274
102371086
263209906
183346187
404546205
263260703
257269047
267368758
183493473
193616730
183807484
201055755
102352301
183760632
314421101
104824513
200771251
102376546
159541943
263275663
102368695
217407112
159847815
411550879
109459368
114164728
105519326
102353234
402780216
245447393
135010146
159505660
86345566
108822395
404902956
50196586
213414335
275163309
257080175
186194245
159579275
411455391
183789586
159862310
105868462
104938255
404789002
201718853
227438200
402087246
183282419
159504976
257235335
400228002
425006682
200937244
107808978
314330334
411633614
213282426
114185836
102353181
263294185
104876824
159349765
114005871
159484557
159828486
212208976
183578732
218033163
263033045
183805421
183532986
267626775
217649261
201143776
114126824
170527603
402838522
159331762
159836967
405335190
263005426
183761542
257003873
183635521
200547585
126768695
107825266
263290902
402763023
257179871
257041841
159544205
159417144
183611384
218373897
267137488
245644873
183843005
267603275
193603342
183850775
183346188
183353571
159851072
402961714
193985997
257263309
212265705
159303830
186432191
170685985
114183038
170587279
257126982
159534132
170472249
263275844
114129673
127776349
186290022
127172596
114127597
159488370
159402989
170624332
265625425
183428408
159851076
263279817
108296782
265307789
194185003
194026247
102389620
111166362
107928266
102384696
402187693
263275579
102392299
193368691
257035744
402977297
405368071
159244966
183662678
183832814
159283148
186809138
186844325
411383399
102396495
212149095
194680702
212442981
257263366
263008756
170534878
102396685
102363161
102374362
128227749
194258296
411669542
193302855
186250480
218274848
257262694
105976488
257117343
108096081
128496690
126821506
401893484
105812117
263037907
405723982
159299749
314566725
257112725
114128825
200608335
263010061
159709255
245040203
108270786
159872185
159390052
159505207
109004267
108337246
104490200
257147104
217422367
102381535
263198156
405864506
263266258
102378097
314547347
159710920
127978026
218320424
159488339
245363631
201124594
263037999
201508914
159846641
400957891
108003609
405612474
201363122
170562810
257249159
200344978
159650710
405570543
183455077
245087939
128458435
257259830
127471406
193988786
263018952
159489082
102377501
257003598
159603901
217725962
245065807
183465802
183763638
218326325
183449184
405855895
411639366
263130942
128421410
159667757
127448538
401939644
267306360
217814344
159582351
14649638
159239725
183443246
114161763
201529558
170750902
183423159
401893358
218380464
141108694
183676025
105405281
104657346
263026201
159496645
127801750
213265669
275706241
401121378
159485739
194698571
263271430
114131432
257016783
186593933
108841706
159689734
405247680
257269886
257011772
170938457
200700103
401673728
218036750
185981890
104374792
127701046
275181240
183676608
257259995
186743454
159692300
159825216
159488375
183807315
87193944
183539618
265669513
263272702
159650874
110495885
59158465
212968509
109396653
314330698
405895497
183800848
411680165
183828871
102368557
213435180
212264954
257293907
183455729
263278476
186307960
159513814
217205769
212758997
217320425
128340200
102389311
105249794
159491561
401819433
159852220
108680502
183278751
108315914
159449156
186497968
263004958
257294685
127686259
257036883
263005169
186273711
217864202
201517033
159747909
404917397
245986506
49447126
257276388
109387560
257057924
217418632
183554198
245693713
263274413
102377007
186045709
105042347
411580199
141119056
193635025
108830437
67038314
213242006
159495586
159859545
186198210
109135602
183443632
159319599
183650442
159803090
102382384
200508594
200782991
186402970
265018859
109078588
200728240
402865489
183447485
159498612
50208099
194175278
263288616
128054847
405373612
104525244
114180665
128373261
411656143
212722620
201634783
263291588
108425368
314347626
159847454
212382864
183465799
275825958
185985514
159672342
263129236
411508072
127380708
267069776
183842849
105373097
127660669
186318757
183450962
257134364
183474086
217731786
217747303
108895694
213288331
159856699
218335116
104978997
257003361
217610222
257141197
105814942
114152513
127016634
108590384
102374959
183465571
218154366
212270136
102358968
127273352
212208977
275079597
402107001
275625377
263269284
193902998
257288349
405122940
217247480
170475766
102393133
114138507
186717369
263270254
194168803
105562797
87182898
183798154
102367529
159504977
217402282
275316412
257287875
212242789
411670790
263273080
213389640
275158868
265240290
183555446
257262975
411377660
263287257
126771279
183648765
104517713
257268329
263276962
104777194
186127958
401763151
128433267
245185914
159583655
159497110
212115521
127023801
212594429
102391818
127768420
263074166
263199781
183648763
404698403
183831235
265184688
159488320
127127122
200976843
217385666
400699995
275825955
159579448
411411333
217724935
183728037
193893663
126980249
194219486
267598806
267536190
263293793
201327698
102387048
170492410
195709664
401125547
127808297
402301295
109170751
217732831
263285200
105494645
102387131
104309488
159495385
194103998
159870945
183650557
170839317
200905133
114172965
200028693
263303994
127455560
159582891
257150733
128329964
245516897
257277594
159842193
200801345
183797813
200173084
212223193
213449105
257057612
194394622
405403293
159495241
159666361
263276625
102396672
102392693
108459885
275062874
401540264
159444386
183636090
127735948
105869176
257161831
401071479
159848932
400208771
127746611
193328299
217352153
212486580
108532790
201203578
263004048
159488715
183484063
217942882
127044108
257104227
102358130
400602964
159265012
109127451
213242725
200107094
200943422
183443255
275325674
265438623
257297806
183381561
183360180
105605001
217258277
# Akun aktif
245013317
314588166
102368864
109149877
102397073
108537151
257142028
257164415
128138038
104812660
170561491
159219676
212304235
127800926
108093978
400578866
108147825
263033270
275036654
212744789
105862424
265395170
183275305
159871412
102394345
183465535
405377874
401967765
201523400
405758781
186457318
102376098
402309971
257134219
200704889
127990109
400981904
267078282
159335758
227974339
400457251
201114510
183515041
108634959
400699991
257021585
159506174
159536608
212352580
109468989
127370744
183793680
401296883
314519921
217337981
267057324
159851078
102373444
128278057
128100918
104328981
314788486
201328569
263268790
159215629
183793683
275049968
257141173
257024911
257233737
183155395
245857558
263010081
159694575
201703611
159192748
314500049
404537511
265059314
128486517
257274090
127674797
183827725
401020411
104252193
212867292
105070402
114156154
200310413
257266108
405628082
108372636
200575375
159755629
104309492
105599239
159558133
275702269
159861880
159854506
183813178
212129262
265432749
159255025
159505491
108051743
109461120
275205666
102376981
263005170
183449151
194316916
104750726
186484538
183215009
218107409
212081662
265557608
108502608
183742828
263225805
105679053
105219671
257077789
245883823
267376105
404495885
108833462
213168924
105526026
159827699
200795951
411526945
404791435
186520385
128402699
102367411
104381184
263010203
257284353
170403413
257265516
102374740
212329779
102395150
263137438
212513756
212502011
114137166
194373362
105295242
183222916
263292162
218372667
159770545
128387919
183828148
402108294
153007455
200408902
102369887
314519342
263286048
159835523
263010076
114132794
275067338
183773301
217381759
183834332
201660705
263273450
114135507
217255370
114189205
186587519
267109535
405053783
104813369
105683566
104548438
102383263
263288333
109291170
404458306
200248504
102387140
159569269
183171937
245035051
127410529
193932923
263288810
105425594
267437533
245426169
411658771
314500056
127114236
114166165
159773885
275627243
404509615
212515749
417071127
159828985
200569562
217749182
126787549
105590360
114137262
402956793
218281488
201304251
402922652
405622685
257276306
105863757
183234242
183437645
257011832
183773537
127577445
183631016
108480508
257287026
265162654
183823931
186318789
183826530
257043237
186878774
102376968
183693230
275818545
104296255
119220026
217123932
114143047
159709259
126982430
218330497
201004865
128464645
104454202
257235524
114130284
108564595
245532975
127468809
402986232
257133036
159682705
159531452
212485923
159471187
263128177
263050253
275432199
263285999
218381426
170799531
127594602
49443012
314484445
127071896
183216486
159687250
183851050
127569486
400621032
217245326
217299936
217363298
200665958
212831013
401905818
183815166
183646959
212000041
200579981
127693700
245107105
257287032
401950280
213046715
263298734
186739924
170729523
183650887
275184885
400644258
104901233
275574083
401982286
212427959
401709950
194050702
104545745
265521934
257262129
404637069
245999934
186480057
194298778
200194497
127530954
159504953
227708026
127471407
267604129
257058147
183793853
107813342
183227422
183767801
183466156
263292001
105041576
159654694
128313288
109509396
108185579
257286215
194122235
183485283
104545742
186154712
245271825
267383241
265573416
263264721
217325566
159747899
114170752
159518112
183456337
212256578
108295938
127156011
102375526
263237416
405754150
102393760
257266800
126921712
108257975
200798612
127793668
114160158
159849626
275276695
104545744
183786847
183206426
400176062
400457256
405177284
108107324
186841000
257029619
257266160
159331016
401299939
263239138
183559671
104581910
263284520
217770357
275120431
405436134
314561600
404595593
098765432
159504934
107857453
193799654
183624821
50196865
170682951
314244333
186181788
114190446
404864042
183493938
213334233
213458562
405942985
128347146
183474463
127664587
217766719
159555782
111183316
126988599
159856954
183811155
183647170
183806104
170543148
257268265
257259084
109064385
405756583
213438263
102359565
405822207
265479675
265445009
159867182
257041254
411260482
104769988
404666110
404731262
183465589
193285753
405998312
218369114
127068700
218080516
159596052
193761995
201561315
108391578
193760072
213315213
102361617
127869698
257259608
193475530
212900245
186602935
201143478
105964011
183828142
86343661
127340844
263301026
170673654
201725708
104979810
200974775
108849052
159705268
213152312
405390607
159833037
401030689
102374681
104996084
159862684
402716189
102369063
213293206
257053265
314518583
128095408
217377995
186336481
257263444
404881760
404928658
275848520
402797015
263287652
245093795
212809371
263287492
104371958
159732683
257129861
200976340
314634729
194109463
405761780
127829810
218180182
159525930
105713788
183799172
159490697
275098897
102381583
159849702
212858320
257265865
159222925
159347330
102368095
217521178
263155220
212260268
108699759
405053782
102352992
159848912
159491006
183569497
159885148
104470658
257273232
108941410
186339745
200681482
257054364
183453847
263302415
104882963
159641173
217123783
257148368
159518719
102379385
411620774
183194455
411505084
159225321
217407111
200837312
275475872
114142273
183788148
201571337
102351938
114161626
183355622
267343962
127022352
200962224
107935404
127193061
257261036
107855254
217309290
159491194
405306516
108935056
411290019
114142327
257011784
263194591
257133030
159196268
257021830
159264333
212515178
126847945
159830780
411585146
159235624
232684304
52235845
128485038
193252024
159530360
159636504
212928179
108480507
104375563
263267819
405721271
102370698
265224809
102375377
275556029
114165118
52256227
267572011
105070316
186290086
257271072
102391466
411650332
257024501
102367410
193485252
405747963
105501943
218267281
108663215
14664881
212409092
193810918
102386515
183805029
263293890
405845961
275087008
193950071
159569730
141102546
263001443
102353947
257011520
104801762
126818152
102372104
405228493
402987338
263010211
183585453
107874797
257115332
212065431
105305813
265632629
102386476
405053897
87188576
109481822
257280105
263266365
114164379
105407314
257030152
183441230
186930180
405352025
402545292
159419605
159749703
114131191
102374414
263299020
102371101
263307214
417047743
265019783
102394671
275397975
200846437
127310382
314561626
183827089
213433284
401212917
200541699
212043045
186293027
401135435
200110359
411307182
102378229
127707285
159707646
108629573
401300169
159689602
114156814
127082258
109462703
159531938
183475439
257263736
200231171
263035750
108387219
212854326
257216173
212578564
183466053
159852488
159362664
114135614
213098152
411511435
128448214
186737774
109185498
183466132
193372445
402154552
257255915
263018694
245236854
200195378
212394141
183801131
159816082
193651869
411416586
257029677
108343828
183851867
183805283
104985132
183737236
245603341
127136144
257129562
183465807
114190619
183587163
105721199
127199102
159812059
102379951
411520048
183843032
193383832
400587165
275816784
200296215
212664643
127140169
263289613
183788153
159865397
275499291
159547055
193573726
411562346
159825171
183269136
212775536
108146448
186218010
108565662
194535943
127140946
401627713
110468805
245842478
217258772
183810938
257231995
411250363
159825168
186492699
107820009
102393356
183456342
183545062
263226842
183458093
201625281
194641088
183807409
183815750
183850016
217383837
404946419
405355935
183714937
201432176
193814706
217440859
405337999
263010370
193619343
217320925
263267715
108338039
87193577
265664041
186221027
105247972
193670573
194823149
159488376
114126688
194491274
114137791
127208903
183801523
159488342
183622332
183828165
183636189
183443253
437003114
159672356
109037791
200954520
263279177
183341698
257031500
183522886
200063841
159488324
183238410
159523132
183446126
275646168
159836660
245971613
245137874
201587140
401706627
108082964
195702950
402089212
212504976
159749570
212150476
109059243
183424170
217838650
257266598
105480813
107928246
265596871
159488363
108938936
114129755
217415024
193502051
263276607
263214967
193809472
183447135
411155701
201053171
109334991
265017070
104927499
102357624
267618520
263126914
105542458
109020068
217547280
186654517
200525221
217186704
245854274
183143330
257269010
159841522
159516241
212574224
201061963
400685582
127248205
183703356
257265723
159184980
257011778
127042004
108368000
245881843
183846937
159318265
201648680
128343997
263257634
402108714
102381581
128468585
159406088
49447125
183822448
257186416
275541137
257149661
437041897
401587318
127899851
104533223
52224429
183796153
127320733
217353675
212935918
400673954
193347404
183805451
401600651
183465796
405156810
159770738
217114562
405139792
217808349
411132560
263268861
109218757
200936502
183812616
263103936
263017723
245440017
183581197
217318643
401120596
405440706
183798209
102396643
186300806
108239842
263269246
108716194
126850863
257189229
128006729
193728064
257261097
257278216
275598918
200865140
212754680
183443630
404471367
186569515
404975085
263297951
141101916
159601733
183822347
183681968
183843002
183853410
196220059
263276114
263031017
200154095
200312375
105418506
159835180
183607150
108003248
108918413
183423217
263098404
102383192
114153313
104518803
217706829
404981200
200122001
275226624
109514379
405210344
141025144
141111315
183252314
217532383
159866941
108473083
401346506
417038483
212352071
108684925
257271107
314256874
257117105
159840752
263279770
193214393
402796839
200795879
411665781
14656962
104649727
159504156
183473744
314276622
102361601
263274345
404568470
402155445
108381614
263291438
402107486
275694051
159826825
102376446
212401201
183465543
109010523
102384658
194646170
14663870
119189039
114183712
183562774
263269877
200063868
183790830
185953014
159825145
212084799
108622066
257263302
183791919
263272062
400416990
159688092
212134479
186424382
109511339
114163410
186265348
87203715
186184089
105380296
114126040
257274873
183651227
105117153
402830955
108917976
183347653
263010204
52244662
263148332
183540280
159375483
194199966
86350641
213426525
109386610
170409774
275042767
183169207
183228036
159715981
200225505
183607163
217131560
159663628
183117900
186169737
102365406
104850340
114190311
402894530
104742856
405813532
193699493
405981826
159267677
159839057
405936422
109249340
200172366
263275693
186872162
183850306
275828335
183259588
127359666
114164515
257251982
128450355
217050315
135041340
265483059
183802006
201186775
194798380
104451819
183466130
102371639
411313845
127522061
183848698
159826249
193501777
186485050
402582217
183457109
127677463
263268693
183498999
314447945
411424536
127369912
186687209
159812861
104733289
245956021
105619371
104801484
401071453
401436273
183811568
212582555
263209363
186086933
127457218
315016570
127417437
159800584
114135247
257259842
127532833
201270547
108928070
218375321
193390630
108996104
218300613
257287842
249555344
267584968
87203751
400937433
183472656
183449148
217486955
402728556
183465806
257264371
245111495
217212109
265115826
400646481
159307967
126959099
411545709
402753018
183554091
263287490
213035513
159637099
183842998
405058517
193354502
263138884
102378099
201363089
186086010
314561616
183815886
159883654
265081076
257279700
108996891
212188336
128269760
159840880
200273343
245249341
104592676
263243893
263273074
170458983
195195496
257267425
217317014
109520416
245439405
159827261
402066955
127561260
102377201
186057188
213332607
194585188
126818410
257260448
200866333
183489977
127889983
212072172
159603902
102389459
159505197
105815978
257263708
127311711
127267702
263128205
105025920
217751269
108898609
127899506
107863643
217823440
401627727
105371573
108828523
401939682
212895889
401566466
265231094
102384315
110265309
411591137
127152020
411499941
263138618
159814850
257048733
212155669
194497752
186603211
104542388
127440443
212649592
119220022
107968283
257287197
401775832
183810016
267177336
102388557
102384700
108212500
217754810
263196399
102279343
213258693
105747121
183830546
212263690
267383108
183635375
102395126
200771887
263304005
404585484
104376683
170378566
114134619
212441347
127136143
217347921
186174356
114164009
400602988
102379064
201508655
117103227
411510901
404655494
314832157
183364975
105509236
263191054
265451526
404998484
402580725
263010209
200539492
183562247
114160552
183465808
127036234
186173219
217385404
183802099
183740264
128466624
212336710
183813789
401968274
275798649
201472830
193255730
183441866
183736943
183265071
159495234
183436038
104670740
183703600
14648139
275816118
105557499
186808244
213229399
401293871
212965175
141118662
263122672
201236843
128459749
183767090
109249152
263297317
275705716
401072852
200991576
183349189
159494378
401628867
127542206
265624556
183624278
263013419
263305536
159724961
185931759
159364714
194301709
401540306
183786829
186699815
159525351
128291718
159483783
50232720
183173701
159845966
109305425
114159702
159495165
183810978
257249359
127789803
404830048
200779298
126851248
265571462
128481960
314320229
200772079
117102431
183619849
170902560
105418665
200327735
263038892
275712915
257011838
127213369
257035245
401967758
200276547
404799858
402788555
186934886
257103172
194701908
127555363
257268340
194727472
263002459
159703950
200930447
257031559
102343991
400604083
128486972
127186648
265576713
108458122
217112209
246001713
400126668
159639290
128449728
217321297
196123051
128285617
127872171
108549113
114115103
246007244
114125210
275803575
275818840
212249280
186154852
104987164
411549029
159752464
275515293
183781529
128356178
102378359
159200218
263273455
105069869
159746288
212382863
257271048
257131345
257054357
102369542
114125935
183832909
186784031
183465562
108903296
108378705
265123529
217449642
102363453
263268298
128182869
183853771
405432817
183449149
114136251
114132169
212156003
104869437
183763217
257268882
141119113
128192959
183397603
263204060
104659950
401823351
109466962
105627457
159827013
105610613
212955926
87203807
108854155
183632898
257174700
159505623
159838576
108644474
193970757
141107709
217107562
159628893
127677469
182839392